Original: 
[[0, 127, 245, 310, 405, 412], 
 [127, 0, 226, 291, 385, 399], 
 [245, 226, 0, 287, 386, 386], 
 [310, 291, 287, 0, 211, 215], 
 [405, 385, 386, 211, 0, 157], 
 [412, 399, 386, 215, 157, 0]]

With New Nodes:               
[[0, 127, 245, 310, 405, 412, 332, 255, 75, 136], 
 [127, 0, 226, 291, 385, 399, 311, 234, 54, 115], 
 [245, 226, 0, 287, 386, 386, 307, 230, 172, 111], 
 [310, 291, 287, 0, 211, 215, 134, 57, 237, 176], 
 [405, 385, 386, 211, 0, 157, 75, 152, 332, 271], 
 [412, 399, 386, 215, 157, 0, 82, 159, 339, 278], 
 [332, 311, 307, 134, 75, 82, 0, 77, 257, 196],
 [255, 234, 230, 57, 152, 159, 77, 0, 180, 119],
 [75, 54, 172, 237, 332, 339, 257, 180, 0, 61],
 [136, 115, 111, 176, 271, 278, 196, 119, 61, 0]]